151
153
118
185
123
156
167
150
196
145
196
179
185
172
113
105
111
111
172
186
134
151
108
181
125
180
196
118
159
114
101
108
135
100
103
136
114
100
183
147
164
176
112
189
131
173
194
181
113
111
168
177
179
164
168
194
105
111
194
152
114
126
193
173
100
135
115
135
114
178
112
150
137
159
124
100
118
141
120
153
171
131
137
125
137
134
183
138
105
125
168
121
188
149
100
124
113
193
128
145
124
112
138
108
152
103
126
164
190
123
153
163
199
135
162
141
180
116
109
164
159
169
106
153
147
129
140
151
113
149
104
167
187
122
157
108
131
139
168
167
145
174
132
126
168
189
102
106
154
141
193
186
115
175
144
141
175
117
104
156
189
196
123
146
180
117
179
177
118
187
147
191
192
172
100
128
100
149
157
135
124
170
199
147
160
113
180
193
144
182
184
185
194
122
188
194
152
155
138
101
151
166
